15
13
12
8
14
10
13
15
14
10
15
11
8
5
11
18
17
12
12
10
12
17
7
14
16
13
15
8
5
7
15
12
17
9
6
5
20
18
17
10
9
20
7
13
14
8
11
5
17
13
10
25
24
26
11
16
15
27
16
19
13
13
15
8
11
6
13
10
19
14
9
28
3
9
15
5
12
15
13
6
17
9
1
18
17
11
12
25
13
11
13
14
11
16
3
10
28
13
9
18
11
6
4
21
11
15
16
8
9
3
15
17
12
8
10
8
18
7
13
22
8
12
9
7
15
19
11
12
11
5
14
8
8
10
12
26
14
13
5
11
12
6
10
12
8
7
9
7
19
8
13
11
21
6
9
11
15
19
1
18
15
13
15
14
14
20
9
10
20
7
15
13
21
11
8
13
20
12
4
22
15
18
12
11
8
20
16
7
17
13
18
6
17
9
7
7
15
12
7
15
1
22
3
18
11
11
3
10
11
5
20
27
16
10
11
7
11
24
13
3
16
13
16
5
5
8
20
6
12
11
12
7
20
18
13
14
13
6
13
11
7
9
20
6
8
11
12
9
5
13
21
24
9
21
9
12
11
14
11
14
18
11
15
4
18
11
1
15
10
7
13
13
11
19
18
11
23
11
13
15
5
22
27
9
20
8
8
14
18
15
7
8
14
16
6
18
7
13
14
12
4
10
19
13
10
6
26
18
16
18
22
17
21
11
15
24
15
12
9
15
11
5
13
19
12
4
18
12
8
24
25
6
13
19
7
10
8
11
12
13
13
15
10
8
12
5
11
15
12
14
14
3
13
3
18
11
15
11
7
15
14
21
11
15
31
7
9
12
13
21
10
18
12
9
7
5
5
9
11
8
4
24
13
6
6
13
22
18
17
10
11
8
14
29
18
11
14
3
19
18
10
6
17
23
16
10
15
11
11
22
23
